Site          Lon          Lat      Delta E      Delta N      Delta V      Sigma E      Sigma N      Sigma V
AZRY  -116.629701    33.540074   -31.602000    11.402000     0.092000     0.106000     0.124000     0.437000
BEMT  -115.998193    34.000533   -17.310000    -5.114000    -0.401000     0.113000     0.133000     0.448000
BILL  -117.064605    33.578245   -35.513000    14.392000    -0.632000     0.106000     0.124000     0.434000
BMRY  -116.984706    33.962684   -26.660000     9.205000    -0.537000     0.240000     0.281000     0.991000
BOMG  -115.729707    33.364628   -19.104000    -3.123000    -0.829000     0.452000     0.537000     1.862000
CACT  -115.989952    33.655135   -21.142000    -0.866000     0.062000     0.099000     0.117000     0.402000
COAG  -115.123348    32.863464   -13.425000    -7.289000    -2.516000     0.188000     0.214000     0.742000
COKG  -115.728503    32.850513   -32.571000    11.392000     1.529000     0.266000     0.302000     1.034000
COTD  -116.386893    33.732487   -26.511000     7.800000    -8.980000     0.179000     0.196000     0.743000
CRFP  -117.099686    34.039053   -28.506000     8.392000     0.363000     0.138000     0.163000     0.565000
CRRS  -115.735045    33.069808   -24.786000     7.449000     0.056000     0.223000     0.258000     0.920000
CTMS  -116.370428    34.124101   -18.400000     0.490000     0.756000     0.164000     0.192000     0.681000
DESC  -116.641803    32.829920   -39.701000    16.860000    -2.088000     0.176000     0.205000     0.701000
DHLG  -115.788031    33.389806   -22.909000    -1.001000    -0.784000     0.114000     0.134000     0.468000
DSSC  -116.712093    33.733332   -28.568000     9.272000    -0.174000     0.113000     0.117000     0.491000
DVLE  -117.000690    33.700586   -33.443000    13.889000     2.197000     0.190000     0.222000     0.782000
DVLS  -117.053628    33.691137   -34.526000    12.208000    -0.542000     0.126000     0.155000     0.575000
DVLW  -117.067440    33.657696   -34.739000    13.852000     1.491000     0.173000     0.208000     0.732000
DVNE  -116.993714    33.693537   -35.221000    12.253000    -3.375000     0.502000     0.508000     2.299000
DVNW  -117.066120    33.673405   -34.568000    14.373000    -9.851000     0.503000     0.604000     2.350000
DVSE  -116.990394    33.680802   -36.719000    12.614000    -4.849000     0.425000     0.467000     2.023000
DVSW  -117.066055    33.667908   -34.237000    12.705000    -9.730000     0.591000     0.652000     2.618000
ERRG  -115.822735    33.116446   -28.173000     6.111000    -0.522000     0.165000     0.191000     0.667000
ESE2  -116.993862    33.674795   -33.413000    13.426000     2.927000     0.327000     0.402000     1.422000
ESRW  -117.066956    33.681781   -34.680000    13.433000     0.944000     0.284000     0.320000     1.231000
FHOG  -116.935871    34.093547   -24.257000     6.859000     1.303000     0.142000     0.208000     0.689000
FSHB  -115.799944    32.944989   -31.731000    11.208000     1.306000     0.250000     0.282000     1.102000
GLRS  -115.521374    33.274811   -16.730000    -7.584000    -0.867000     0.125000     0.144000     0.504000
HMTG  -117.001505    33.708097   -33.566000    12.779000    -2.251000     0.308000     0.362000     1.204000
HNPS  -115.635338    33.705005   -16.811000    -7.290000    -0.813000     0.088000     0.107000     0.412000
IDOG  -116.221516    33.796798   -22.878000     1.704000    -0.758000     0.132000     0.157000     0.541000
IVCO  -115.506793    32.829383   -24.886000    10.573000    -1.619000     0.418000     0.460000     1.744000
KYVW  -116.173398    33.925369   -19.235000    -1.814000     1.102000     0.104000     0.122000     0.422000
MONP  -116.422355    32.891942   -38.961000    16.248000    -1.433000     0.155000     0.176000     0.627000
MSCG  -116.647962    34.038502   -23.261000     5.056000    -0.476000     0.133000     0.160000     0.564000
MTGG  -116.647230    33.199164   -38.518000    16.669000    -1.653000     0.213000     0.252000     0.842000
MVFD  -116.525318    33.210874   -36.393000    14.445000    -0.550000     0.156000     0.178000     0.642000
OAES  -116.067739    34.141004   -16.478000    -5.049000    -0.544000     0.089000     0.106000     0.358000
OGHS  -117.041773    33.130609   -38.139000    17.622000     0.656000     0.321000     0.365000     1.332000
P472  -117.104700    32.889211   -39.902000    17.542000    -1.267000     0.084000     0.097000     0.330000
P476  -117.189681    33.439650   -37.444000    15.987000    -0.653000     0.077000     0.092000     0.304000
P477  -117.113376    33.502802   -35.727000    15.746000    -4.698000     0.117000     0.138000     0.466000
P478  -117.071595    33.235716   -38.320000    16.729000    -1.874000     0.097000     0.111000     0.396000
P479  -116.782934    33.493319   -34.653000    12.986000     0.586000     0.115000     0.136000     0.453000
P480  -116.348540    32.975997   -38.302000    15.505000    -0.645000     0.099000     0.116000     0.401000
P482  -116.671417    33.240180   -37.236000    14.802000    -0.443000     0.150000     0.175000     0.613000
P483  -116.569330    33.059165   -38.550000    15.991000    -1.325000     0.175000     0.204000     0.684000
P484  -116.620842    33.375593   -35.305000    12.917000    -0.478000     0.174000     0.205000     0.711000
P485  -116.409043    33.210213   -36.318000    13.560000    -1.283000     0.110000     0.130000     0.476000
P486  -116.322290    33.260192   -34.454000    12.301000    -3.370000     0.120000     0.141000     0.484000
P487  -116.183076    33.213532   -32.979000     9.796000     0.428000     0.223000     0.261000     0.884000
P488  -116.078813    33.201016   -31.366000     7.481000     0.685000     0.120000     0.141000     0.475000
P489  -116.111611    33.296213   -28.832000     5.133000     0.513000     0.147000     0.172000     0.604000
P490  -116.425908    33.523463   -28.978000     7.554000    -0.217000     0.156000     0.176000     0.644000
P491  -116.226827    33.574679   -26.299000     5.319000     0.139000     0.139000     0.169000     0.583000
P492  -115.969454    32.887049   -35.639000    13.190000     0.553000     0.121000     0.141000     0.484000
P493  -115.824894    32.954703   -32.937000    10.550000     0.868000     0.144000     0.167000     0.566000
P495  -115.628396    33.044961   -21.973000     6.521000    -5.014000     0.216000     0.252000     0.867000
P497  -115.577034    32.834735   -26.820000     8.650000     1.734000     0.146000     0.169000     0.588000
P498  -115.569568    32.898431   -24.236000     7.493000     0.543000     0.242000     0.278000     0.982000
P499  -115.487914    32.979606   -17.557000    -5.158000    -5.206000     0.178000     0.202000     0.740000
P501  -115.397914    32.875756   -14.477000    -4.396000    -1.816000     0.267000     0.309000     1.079000
P502  -115.421913    32.982451   -15.419000    -6.515000    -2.333000     0.180000     0.209000     0.724000
P503  -115.720185    32.948915   -29.122000     8.435000     1.710000     0.192000     0.223000     0.773000
P504  -115.765849    33.516410   -19.550000    -4.745000    -0.518000     0.133000     0.156000     0.563000
P505  -115.687002    33.423873   -17.012000    -6.677000    -0.723000     0.119000     0.139000     0.487000
P506  -115.510200    33.081430   -17.086000    -5.819000    -4.416000     0.327000     0.368000     1.310000
P507  -115.612407    33.199975   -20.634000   -13.656000   -13.149000     0.123000     0.145000     0.501000
P508  -115.428707    33.247780   -15.615000    -7.378000    -0.932000     0.132000     0.154000     0.529000
P509  -115.293919    32.890662   -13.558000    -6.745000    -3.373000     0.173000     0.200000     0.680000
P510  -115.343334    33.143574   -14.878000    -8.103000    -0.803000     0.178000     0.208000     0.731000
P511  -115.296103    33.886934   -15.427000    -8.606000    -0.620000     0.122000     0.140000     0.489000
P584  -116.951645    33.892604   -28.369000     8.871000     1.884000     0.115000     0.136000     0.451000
P585  -116.545749    34.019348   -22.303000     4.057000     1.454000     0.112000     0.133000     0.444000
P600  -116.211879    33.865846   -21.106000    -0.338000     0.177000     0.112000     0.134000     0.442000
P601  -116.080230    33.959296   -18.356000    -3.683000     0.009000     0.117000     0.138000     0.461000
P607  -115.820655    33.741039   -17.805000    -5.661000    -0.583000     0.094000     0.110000     0.384000
P608  -115.686605    33.994083   -16.014000    -7.825000    -0.524000     0.118000     0.140000     0.464000
P609  -116.892821    34.062687   -24.514000     6.692000    -0.082000     0.356000     0.421000     1.667000
P740  -116.595979    33.598195   -29.909000     8.859000    -0.470000     0.142000     0.170000     0.822000
P741  -116.531024    33.557474   -29.380000     8.133000     0.765000     0.167000     0.176000     0.679000
P742  -116.602576    33.495543   -32.850000    10.960000     0.631000     0.124000     0.147000     0.508000
P744  -115.508407    32.829382   -22.025000     9.275000     2.724000     0.247000     0.284000     0.975000
P797  -116.592529    33.537293   -31.572000     9.460000     1.082000     0.167000     0.200000     0.726000
PIN1  -116.458164    33.612157   -27.924000     6.364000    -0.034000     0.065000     0.076000     0.259000
PIN2  -116.457622    33.612149   -27.596000     7.424000     0.507000     0.133000     0.156000     0.535000
PMOB  -116.859551    33.357241   -36.695000    15.730000     0.097000     0.146000     0.165000     0.601000
POBG  -116.923751    33.687133   -34.162000    12.969000    -0.904000     0.269000     0.313000     1.023000
PPBF  -117.182093    33.835728   -33.448000    13.255000     1.012000     0.133000     0.149000     0.553000
PSAP  -116.493995    33.819238   -25.238000     6.659000     0.179000     0.161000     0.187000     0.652000
RAAP  -116.917253    33.042237   -39.236000    16.611000    -0.449000     0.168000     0.198000     0.674000
ROCH  -116.609775    33.611025   -30.257000     9.516000    -1.588000     0.539000     0.565000     2.348000
SGPS  -116.695689    33.912537   -26.330000     7.733000    -0.418000     0.166000     0.207000     0.715000
SLMS  -115.977845    33.292228   -24.791000     5.689000    -0.571000     0.165000     0.190000     0.656000
SNOG  -116.807793    34.035212   -24.792000     5.813000    -0.544000     0.503000     0.556000     2.647000
THMG  -116.077252    33.650640   -21.920000     0.504000    -0.387000     0.131000     0.156000     0.528000
TMAP  -116.160464    33.641246   -24.846000     4.082000     0.507000     0.229000     0.264000     0.934000
USGC  -116.085339    33.030065   -35.096000    14.045000    -0.132000     0.129000     0.150000     0.512000
VTOR  -117.193189    33.225016   -38.471000    17.021000    -1.565000     0.114000     0.134000     0.449000
WIDC  -116.391785    33.934758   -22.248000     3.386000     1.282000     0.154000     0.180000     0.637000
WMDG  -115.581897    33.038324   -22.786000    -2.535000   -11.074000     0.460000     0.531000     1.797000
WWFG  -115.578781    33.278835   -18.386000    -8.816000    -2.602000     0.204000     0.237000     0.810000
WWMT  -116.653860    33.955314   -24.377000     6.760000     0.516000     0.122000     0.141000     0.498000
7ODM  -117.093197    34.116408   -27.121000     5.838000    -0.686000     0.190000     0.231000     0.815000
