Site          Lon          Lat      Delta E      Delta N      Delta V      Sigma E      Sigma N      Sigma V
GMPK  -114.827347    33.051084     1.769640    -1.970754    -0.684817     0.313947     0.365123     1.364453
IID2  -115.031804    32.706168     7.359599    -4.292647    -0.992671     0.297097     0.350955     1.247817
P499  -115.487914    32.979606     1.931054    -9.400370     0.668481     0.291891     0.342312     1.219653
P500  -115.299933    32.690046    12.283790   -12.540174     0.438301     0.280181     0.336806     1.140766
P501  -115.397914    32.875756     3.109265   -11.023234     0.828682     0.287773     0.348138     1.191560
P502  -115.421913    32.982450     1.870936    -8.353147     1.136465     0.290019     0.352150     1.200679
P508  -115.428707    33.247780     0.354677    -4.670187     0.651839     0.288847     0.345983     1.187426
P509  -115.293919    32.890662     3.064828    -7.699326     0.606119     0.277898     0.334891     1.126954
P510  -115.343334    33.143574     0.552332    -5.217305    -0.144948     0.290733     0.348747     1.245531
